   1          4          5.04       10.19           6.01       10.08           7.14       10.10           8.14       10.17         
   2          4          6.01       11.00           6.81       11.08           7.71       11.01           8.53       11.08         
   3          4          7.14       12.11           7.72       12.02           8.39       12.13           8.97       12.08         
   4          4          8.14       13.01           8.58       13.15           8.95       13.07           9.25       13.13         
   5          4          9.15       14.20           9.40       14.14           9.47       14.15           9.65       14.13         
   6          4         10.01       15.09          10.13       15.15          10.18       15.10          10.05       15.05         
   7          4         11.05       16.18          10.87       16.18          10.63       16.01          10.50       16.18         
   8          4         12.10       17.10          11.70       17.05          11.26       17.02          11.00       17.19         
   9          4         13.01       18.18          12.50       18.11          11.88       18.09          10       18.19         
  10          4         14.01       19.03          13.35       19.00          12.55       19.14          11.77       19.17         
